0 0.11181640625 0.12858072916666666 -0.091796875 -0.150390625
0 0.0302734375 0.12760416666666666 0.0244140625 -0.20052083333333334
0 0.0361328125 0.14192708333333334 -0.0234375 -0.2513020833333333
0 0.0595703125 0.14973958333333334 -0.0625 -0.26171875
0 0.057861328125 0.1650390625 -0.08154296875 -0.2897135416666667
0 0.046875 0.17643229166666666 -0.0390625 -0.3111979166666667
0 0.037841796875 0.20345052083333334 -0.01025390625 -0.3678385416666667
0 0.121337890625 0.16666666666666666 -0.19580078125 -0.29296875
0 0.019287109375 0.1923828125 0.00341796875 -0.3430989583333333
0 0.0361328125 0.203125 -0.0185546875 -0.36328125
0 0.016357421875 0.22005208333333334 -0.00146484375 -0.3385416666666667
0 0.044677734375 0.24576822916666666 -0.04443359375 -0.4485677083333333
