0 0.068359375 0.060221354166666664 0.013671875 -0.016276041666666668
0 0.038818359375 0.1044921875 0.05712890625 -0.12955729166666666
0 0.070556640625 0.1376953125 -0.05322265625 -0.220703125
0 0.11572265625 0.15657552083333334 -0.05859375 -0.19466145833333334
0 0.104736328125 0.20182291666666666 -0.06884765625 -0.2630208333333333
0 0.128662109375 0.23014322916666666 -0.12255859375 -0.3639322916666667
0 0.18896484375 0.19466145833333334 -0.2744140625 -0.24869791666666666
0 0.19189453125 0.22526041666666666 -0.2607421875 -0.3255208333333333
0 0.19189453125 0.1474609375 -0.1357421875 -0.134765625
0 0.211181640625 0.0322265625 -0.34716796875 0.054036458333333336
0 0.246337890625 0.038411458333333336 -0.36474609375 0.033854166666666664
0 0.246826171875 0.1064453125 -0.38134765625 -0.10221354166666667
0 0.0693359375 0.0615234375 0.0126953125 0.0006510416666666666
0 0.038330078125 0.10416666666666667 0.05029296875 -0.13411458333333334
0 0.02734375 0.0595703125 0.05078125 -0.009765625
0 0.187255859375 0.24739583333333334 -0.28466796875 -0.4388020833333333
