0 0.087890625 0.09407552083333333 -0.0146484375 -0.08268229166666667
0 0.214111328125 0.039713541666666664 -0.33544921875 -0.02734375
0 0.10107421875 0.1162109375 -0.1435546875 -0.18424479166666666
0 0.146484375 0.10123697916666667 -0.244140625 -0.13997395833333334
0 0.164306640625 0.06966145833333333 -0.29541015625 -0.11328125
0 0.052001953125 0.1455078125 -0.03955078125 -0.24934895833333334
0 0.123046875 0.1435546875 -0.193359375 -0.24544270833333334
0 0.15966796875 0.15657552083333334 -0.271484375 -0.2649739583333333
0 0.048095703125 0.2041015625 -0.03955078125 -0.3782552083333333
0 0.0498046875 0.21451822916666666 -0.0283203125 -0.3873697916666667
0 0.031005859375 0.22591145833333334 0.02587890625 -0.3815104166666667
0 0.108642578125 0.24674479166666666 -0.08447265625 -0.4192708333333333
