0 0.015625 0.08203125 0.0283203125 -0.08984375
0 0.043701171875 0.19856770833333334 0.01904296875 -0.3268229166666667
0 0.05908203125 0.20735677083333334 -0.0146484375 -0.3483072916666667
0 0.067626953125 0.24772135416666666 0.07275390625 -0.396484375
0 0.079345703125 0.2109375 -0.06298828125 -0.3385416666666667
0 0.07080078125 0.16471354166666666 -0.0419921875 -0.24348958333333334
0 0.072509765625 0.1806640625 -0.07861328125 -0.2532552083333333
0 0.046142578125 0.11686197916666667 -0.01123046875 -0.16731770833333334
0 0.052978515625 0.06705729166666667 -0.03076171875 -0.07682291666666667
0 0.058349609375 0.08854166666666667 -0.07080078125 -0.06640625
0 0.071533203125 0.018880208333333332 -0.06787109375 0.020833333333333332
0 0.087646484375 0.07291666666666667 -0.06884765625 -0.08723958333333333
0 0.132568359375 0.10611979166666667 -0.18798828125 -0.07552083333333333
0 0.132568359375 0.019205729166666668 -0.16455078125 0.031901041666666664
0 0.1474609375 0.07942708333333333 -0.2265625 -0.01171875
0 0.170654296875 0.05078125 -0.27001953125 -0.041666666666666664
0 0.2294921875 0.07747395833333333 -0.4091796875 -0.06380208333333333
0 0.21923828125 0.07845052083333333 -0.3818359375 -0.11783854166666667
0 0.211669921875 0.13248697916666666 -0.34130859375 -0.18294270833333334
0 0.23876953125 0.14583333333333334 -0.3857421875 -0.22526041666666666
0 0.147216796875 0.15690104166666666 -0.15673828125 -0.21744791666666666
0 0.105224609375 0.17936197916666666 -0.10498046875 -0.2740885416666667
0 0.1162109375 0.20377604166666666 -0.1240234375 -0.3059895833333333
0 0.158935546875 0.22135416666666666 -0.13134765625 -0.3020833333333333
0 0.105712890625 0.21875 -0.11279296875 -0.3541666666666667
0 0.155029296875 0.24055989583333334 -0.16162109375 -0.3665364583333333
0 0.18017578125 0.2314453125 -0.29296875 -0.3834635416666667
0 0.20361328125 0.24674479166666666 -0.306640625 -0.4205729166666667
0 0.22802734375 0.23763020833333334 -0.384765625 -0.4127604166666667
0 0.189453125 0.12662760416666666 -0.306640625 -0.201171875
