0 0.093994140625 0.21516927083333334 0.12939453125 -0.271484375
0 0.067138671875 0.24576822916666666 0.03369140625 -0.380859375
0 0.115478515625 0.08626302083333333 -0.07275390625 -0.08658854166666667
0 0.10888671875 0.11881510416666667 -0.12890625 -0.10872395833333333
0 0.13671875 0.06510416666666667 -0.13671875 0.045572916666666664
0 0.15869140625 0.134765625 -0.1572265625 -0.13541666666666666
0 0.1796875 0.18912760416666666 -0.138671875 -0.228515625
0 0.170654296875 0.0146484375 -0.23681640625 0.026692708333333332
0 0.18359375 0.15006510416666666 -0.2802734375 -0.080078125
0 0.215576171875 0.0830078125 -0.17431640625 0.016276041666666668
0 0.207763671875 0.1181640625 -0.28759765625 -0.076171875
0 0.246826171875 0.12076822916666667 -0.30517578125 -0.10091145833333333
