0 0.017822265625 0.07486979166666667 0.03564453125 -0.08854166666666667
0 0.012451171875 0.09407552083333333 0.02490234375 -0.126953125
0 0.02294921875 0.18196614583333334 0.03125 -0.2845052083333333
0 0.021484375 0.21223958333333334 0.0263671875 -0.3697916666666667
0 0.05322265625 0.23958333333333334 0.0087890625 -0.359375
0 0.03662109375 0.24251302083333334 -0.0009765625 -0.3951822916666667
0 0.067626953125 0.033854166666666664 -0.06298828125 -0.015625
0 0.047607421875 0.10188802083333333 -0.01220703125 -0.146484375
0 0.0810546875 0.15592447916666666 -0.08203125 -0.2610677083333333
0 0.06982421875 0.16145833333333334 -0.1015625 -0.2955729166666667
0 0.1328125 0.19921875 -0.154296875 -0.3307291666666667
0 0.13671875 0.16796875 -0.1708984375 -0.25
0 0.11279296875 0.16080729166666666 -0.12109375 -0.2565104166666667
0 0.112548828125 0.16927083333333334 -0.14990234375 -0.28125
0 0.10693359375 0.10026041666666667 -0.1103515625 -0.14453125
0 0.096435546875 0.06640625 -0.10693359375 -0.08072916666666667
0 0.0908203125 0.0302734375 -0.09375 -0.005859375
0 0.130859375 0.046875 -0.21875 -0.04296875
0 0.16162109375 0.20475260416666666 -0.2275390625 -0.3404947916666667
0 0.182373046875 0.2080078125 -0.25927734375 -0.3509114583333333
0 0.19970703125 0.19694010416666666 -0.3203125 -0.322265625
0 0.149169921875 0.11458333333333333 -0.22998046875 -0.17578125
0 0.184814453125 0.041015625 -0.31591796875 -0.01953125
0 0.247802734375 0.14713541666666666 -0.40380859375 -0.21744791666666666
