0 0.098876953125 0.08040364583333333 0.02978515625 0.009765625
0 0.06396484375 0.12174479166666667 -0.0185546875 -0.057291666666666664
0 0.090576171875 0.142578125 -0.06103515625 -0.15104166666666666
0 0.040771484375 0.20052083333333334 0.04345703125 -0.3203125
0 0.089599609375 0.24641927083333334 0.05908203125 -0.3756510416666667
0 0.159423828125 0.20052083333333334 -0.17626953125 -0.2799479166666667
0 0.190185546875 0.22102864583333334 -0.17041015625 -0.333984375
0 0.16650390625 0.13509114583333334 -0.16796875 -0.18294270833333334
0 0.198486328125 0.142578125 -0.20849609375 -0.17578125
0 0.217041015625 0.050130208333333336 -0.30615234375 0.026041666666666668
0 0.248046875 0.154296875 -0.388671875 -0.18619791666666666
