0 0.04736328125 0.07259114583333333 -0.046875 -0.059244791666666664
0 0.098876953125 0.033528645833333336 -0.15869140625 0.012369791666666666
0 0.145751953125 0.038411458333333336 -0.12548828125 0.061197916666666664
0 0.05712890625 0.11881510416666667 -0.0478515625 -0.15690104166666666
0 0.06298828125 0.1396484375 -0.068359375 -0.19466145833333334
0 0.092529296875 0.19108072916666666 -0.05224609375 -0.3170572916666667
0 0.1044921875 0.169921875 -0.1572265625 -0.2721354166666667
0 0.1416015625 0.16861979166666666 -0.1728515625 -0.2526041666666667
0 0.141357421875 0.10026041666666667 -0.23486328125 -0.15885416666666666
0 0.246337890625 0.016927083333333332 -0.42333984375 0.032552083333333336
0 0.18701171875 0.2421875 -0.3134765625 -0.41796875
